Numerator:        
0.000000000000000 
-0.000001986047624
-0.000006514842866
-0.000010687686793
-0.000010813464264
-0.000002760884392
0.000017601906621 
0.000053903875864 
0.000108734631082 
0.000183112390286 
0.000275999286425 
0.000383910412105 
0.000500663878315 
0.000617316702010 
0.000722325000401 
0.000801956436836 
0.000840968137778 
0.000823544777911 
0.000734470039326 
0.000560481454052 
0.000291735390707 
-0.000076712399583
-0.000543522585638
-0.001099907499859
-0.001728812049767
-0.002404560097413
-0.003093069207180
-0.003752709138394
-0.004335842032518
-0.004791036561067
-0.005065896901708
-0.005110393625977
-0.004880531341136
-0.004342141497596
-0.003474552440639
-0.002273866512301
-0.000755569074022
0.001043791014645 
0.003066074693975 
0.005232349737056 
0.007445108270683 
0.009591914070686 
0.011550392267690 
0.013194374469869 
0.014400916647725 
0.015057822646923 
0.015071239852832 
0.014372851474220 
0.012926176970464 
0.010731511371337 
0.007829086571387 
0.004300121746260 
0.000265542105793 
-0.004117720679811
-0.008662784724937
-0.013161015966894
-0.017392005133004
-0.021134828310565
-0.024179988572089
-0.026341362542747
-0.027467442353889
-0.027451174082956
-0.026237749647954
-0.023829808267231
-0.020289641058874
-0.015738160416732
-0.010350584426843
-0.004348984063748
0.002007965395830 
0.008437510069590 
0.014646952702653 
0.020348619514297 
0.025274816776275 
0.029191922546358 
0.031912799091003 
0.033306802501012 
0.033306802501012 
0.031912799091003 
0.029191922546358 
0.025274816776275 
0.020348619514297 
0.014646952702653 
0.008437510069590 
0.002007965395830 
-0.004348984063748
-0.010350584426843
-0.015738160416732
-0.020289641058874
-0.023829808267231
-0.026237749647954
-0.027451174082956
-0.027467442353889
-0.026341362542747
-0.024179988572089
-0.021134828310565
-0.017392005133004
-0.013161015966894
-0.008662784724937
-0.004117720679811
0.000265542105793 
0.004300121746260 
0.007829086571387 
0.010731511371337 
0.012926176970464 
0.014372851474220 
0.015071239852832 
0.015057822646923 
0.014400916647725 
0.013194374469869 
0.011550392267690 
0.009591914070686 
0.007445108270683 
0.005232349737056 
0.003066074693975 
0.001043791014645 
-0.000755569074022
-0.002273866512301
-0.003474552440639
-0.004342141497596
-0.004880531341136
-0.005110393625977
-0.005065896901708
-0.004791036561067
-0.004335842032518
-0.003752709138394
-0.003093069207180
-0.002404560097413
-0.001728812049767
-0.001099907499859
-0.000543522585638
-0.000076712399583
0.000291735390707 
0.000560481454052 
0.000734470039326 
0.000823544777911 
0.000840968137778 
0.000801956436836 
0.000722325000401 
0.000617316702010 
0.000500663878315 
0.000383910412105 
0.000275999286425 
0.000183112390286 
0.000108734631082 
0.000053903875864 
0.000017601906621 
-0.000002760884392
-0.000010813464264
-0.000010687686793
-0.000006514842866
-0.000001986047624
Denominator:      
1.000000000000000 
