Numerator:        
0.000000000000000 
0.000000949329790 
0.000004887659735 
0.000013455611970 
0.000028262150069 
0.000050832595310 
0.000082551860164 
0.000124602989399 
0.000177901423877 
0.000243025796176 
0.000320146513478 
0.000408953860109 
0.000508587833984 
0.000617572389470 
0.000733757163835 
0.000854270085264 
0.000975484468613 
0.001093004274733 
0.001201671118858 
0.001295596347347 
0.001368221051093 
0.001412406247122 
0.001420554644320 
0.001384764430990 
0.001297014405263 
0.001149378546900 
0.000934266840338 
0.000644687849683 
0.000274527266915 
-0.000181164542385
-0.000725884032353
-0.001361393918563
-0.002087460113753
-0.002901616060244
-0.003798964404696
-0.004772025664505
-0.005810642885186
-0.006901950282624
-0.008030412514072
-0.009177939551408
-0.010324080176674
-0.011446294932634
-0.012520307000431
-0.013520527012155
-0.014420545314967
-0.015193682767195
-0.015813588848919
-0.016254873792918
-0.016493759665190
-0.016508733919805
-0.016281187983045
-0.015796022937213
-0.015042204411277
-0.014013249363950
-0.012707628567970
-0.011129070257363
-0.009286752549883
-0.007195374854510
-0.004875101453117
-0.002351373725794
0.000345409021141 
0.003180336568110 
0.006114555481901 
0.009105946858860 
0.012109900197573 
0.015080166537917 
0.017969771472060 
0.020731966603819 
0.023321196575884 
0.025694057952721 
0.027810226074898 
0.029633326502082 
0.031131728830314 
0.032279242476630 
0.033055696422928 
0.033447387834601 
0.033447387834601 
0.033055696422928 
0.032279242476630 
0.031131728830314 
0.029633326502082 
0.027810226074898 
0.025694057952721 
0.023321196575884 
0.020731966603819 
0.017969771472060 
0.015080166537917 
0.012109900197573 
0.009105946858860 
0.006114555481901 
0.003180336568110 
0.000345409021141 
-0.002351373725794
-0.004875101453117
-0.007195374854510
-0.009286752549883
-0.011129070257363
-0.012707628567970
-0.014013249363950
-0.015042204411277
-0.015796022937213
-0.016281187983045
-0.016508733919805
-0.016493759665190
-0.016254873792918
-0.015813588848919
-0.015193682767195
-0.014420545314967
-0.013520527012155
-0.012520307000431
-0.011446294932634
-0.010324080176674
-0.009177939551408
-0.008030412514072
-0.006901950282624
-0.005810642885186
-0.004772025664505
-0.003798964404696
-0.002901616060244
-0.002087460113753
-0.001361393918563
-0.000725884032353
-0.000181164542385
0.000274527266915 
0.000644687849683 
0.000934266840338 
0.001149378546900 
0.001297014405263 
0.001384764430990 
0.001420554644320 
0.001412406247122 
0.001368221051093 
0.001295596347347 
0.001201671118858 
0.001093004274733 
0.000975484468613 
0.000854270085264 
0.000733757163835 
0.000617572389470 
0.000508587833984 
0.000408953860109 
0.000320146513478 
0.000243025796176 
0.000177901423877 
0.000124602989399 
0.000082551860164 
0.000050832595310 
0.000028262150069 
0.000013455611970 
0.000004887659735 
0.000000949329790 
Denominator:      
1.000000000000000 
