Numerator:        
0.000000000000000 
-0.000001045535353
-0.000005655939278
-0.000015939143645
-0.000033747496243
-0.000060527157520
-0.000097168552271
-0.000143863204215
-0.000199973160559
-0.000263920050860
-0.000333101516091
-0.000403843176026
-0.000471394361143
-0.000529975413634
-0.000572883374240
-0.000592661260175
-0.000581333884531
-0.000530710293678
-0.000432749478903
-0.000279982173841
-0.000065977448968
0.000214161331513 
0.000563290574716 
0.000981733421946 
0.001466825251838 
0.002012525151420 
0.002609121358657 
0.003243057862847 
0.003896907015669 
0.004549509105176 
0.005176294410329 
0.005749796405662 
0.006240356735048 
0.006617013615947 
0.006848555842685 
0.006904714962267 
0.006757458974827 
0.006382342559010 
0.005759861831397 
0.004876756478299 
0.003727199149665 
0.002313811597713 
0.000648449391734 
-0.001247297762786
-0.003341935070389
-0.005594255402632
-0.007953917187286
-0.010362414081210
-0.012754427031292
-0.015059532665951
-0.017204225410435
-0.019114195042701
-0.020716787360330
-0.021943563930214
-0.022732868182829
-0.023032299922815
-0.022800999048012
-0.022011642126761
-0.020652062523807
-0.018726415844767
-0.016255827255163
-0.013278475210328
-0.009849086634433
-0.006037840803722
-0.001928702214236
0.002382774418982 
0.006792102160101 
0.011188898351358 
0.015460198472003 
0.019493933323818 
0.023182446984504 
0.026425929247667 
0.029135637577942 
0.031236789963944 
0.032671021241104 
0.033398311058379 
0.033398311058379 
0.032671021241104 
0.031236789963944 
0.029135637577942 
0.026425929247667 
0.023182446984504 
0.019493933323818 
0.015460198472003 
0.011188898351358 
0.006792102160101 
0.002382774418982 
-0.001928702214236
-0.006037840803722
-0.009849086634433
-0.013278475210328
-0.016255827255163
-0.018726415844767
-0.020652062523807
-0.022011642126761
-0.022800999048012
-0.023032299922815
-0.022732868182829
-0.021943563930214
-0.020716787360330
-0.019114195042701
-0.017204225410435
-0.015059532665951
-0.012754427031292
-0.010362414081210
-0.007953917187286
-0.005594255402632
-0.003341935070389
-0.001247297762786
0.000648449391734 
0.002313811597713 
0.003727199149665 
0.004876756478299 
0.005759861831397 
0.006382342559010 
0.006757458974827 
0.006904714962267 
0.006848555842685 
0.006617013615947 
0.006240356735048 
0.005749796405662 
0.005176294410329 
0.004549509105176 
0.003896907015669 
0.003243057862847 
0.002609121358657 
0.002012525151420 
0.001466825251838 
0.000981733421946 
0.000563290574716 
0.000214161331513 
-0.000065977448968
-0.000279982173841
-0.000432749478903
-0.000530710293678
-0.000581333884531
-0.000592661260175
-0.000572883374240
-0.000529975413634
-0.000471394361143
-0.000403843176026
-0.000333101516091
-0.000263920050860
-0.000199973160559
-0.000143863204215
-0.000097168552271
-0.000060527157520
-0.000033747496243
-0.000015939143645
-0.000005655939278
-0.000001045535353
Denominator:      
1.000000000000000 
