Numerator:        
0.000000000000000 
0.000000300496291 
-0.000003105802753
-0.000016001307594
-0.000040610947867
-0.000073048656958
-0.000102509204330
-0.000112823683055
-0.000086408383226
-0.000009950190603
0.000119455794522 
0.000289402966377 
0.000470229172208 
0.000617356341584 
0.000678415802928 
0.000604538362095 
0.000363981075341 
-0.000044750808494
-0.000583662886373
-0.001173117534066
-0.001698995649725
-0.002029689391275
-0.002041248470532
-0.001646750936007
-0.000824171715922
0.000363818763542 
0.001764204558019 
0.003146248217552 
0.004233273880153 
0.004750467360950 
0.004481500127515 
0.003323603482096 
0.001329253560244 
-0.001276526206734
-0.004110902087099
-0.006682177321149
-0.008468343744915
-0.009013825064486
-0.008027603201872
-0.005463265736290
-0.001562521722842
0.003151335301880 
0.007935220681023 
0.011938118892333 
0.014347247913690 
0.014544155012138 
0.012241693136944 
0.007573444162033 
0.001113482054859 
-0.006184305544944
-0.013123589147486
-0.018460785480555
-0.021126408399641
-0.020433231105168
-0.016231215113948
-0.008976151127902
0.000307170351047 
0.010167904513113 
0.018958948941165 
0.025116811395464 
0.027443178163042 
0.025336721044510 
0.018930145994407 
0.009102761288062 
-0.002639563309140
-0.014401089331813
-0.024211490294053
-0.030365794626673
-0.031728673755950
-0.027947356635357
-0.019532507094579
-0.007789369984699
0.005391735699747 
0.017850849544679 
0.027525284153062 
0.032803558956913 
0.032803558956913 
0.027525284153062 
0.017850849544679 
0.005391735699747 
-0.007789369984699
-0.019532507094579
-0.027947356635357
-0.031728673755950
-0.030365794626673
-0.024211490294053
-0.014401089331813
-0.002639563309140
0.009102761288062 
0.018930145994407 
0.025336721044510 
0.027443178163042 
0.025116811395464 
0.018958948941165 
0.010167904513113 
0.000307170351047 
-0.008976151127902
-0.016231215113948
-0.020433231105168
-0.021126408399641
-0.018460785480555
-0.013123589147486
-0.006184305544944
0.001113482054859 
0.007573444162033 
0.012241693136944 
0.014544155012138 
0.014347247913690 
0.011938118892333 
0.007935220681023 
0.003151335301880 
-0.001562521722842
-0.005463265736290
-0.008027603201872
-0.009013825064486
-0.008468343744915
-0.006682177321149
-0.004110902087099
-0.001276526206734
0.001329253560244 
0.003323603482096 
0.004481500127515 
0.004750467360950 
0.004233273880153 
0.003146248217552 
0.001764204558019 
0.000363818763542 
-0.000824171715922
-0.001646750936007
-0.002041248470532
-0.002029689391275
-0.001698995649725
-0.001173117534066
-0.000583662886373
-0.000044750808494
0.000363981075341 
0.000604538362095 
0.000678415802928 
0.000617356341584 
0.000470229172208 
0.000289402966377 
0.000119455794522 
-0.000009950190603
-0.000086408383226
-0.000112823683055
-0.000102509204330
-0.000073048656958
-0.000040610947867
-0.000016001307594
-0.000003105802753
0.000000300496291 
Denominator:      
1.000000000000000 
