Numerator:        
0.000000000000000 
-0.000001841754824
-0.000005027075408
-0.000004867887939
0.000004073105869 
0.000026732472769 
0.000066179835181 
0.000122341667551 
0.000191035477555 
0.000263522395484 
0.000326744999815 
0.000364347677654 
0.000358482947000 
0.000292296714071 
0.000152869769494 
-0.000065713808671
-0.000359582460625
-0.000713029663874
-0.001097643610586
-0.001472980725553
-0.001789012865820
-0.001990385107085
-0.002022287881055
-0.001837498039736
-0.001403908679209
-0.000711680924326
0.000220954921947 
0.001344219285745 
0.002576467563514 
0.003807626837584 
0.004906603472238 
0.005732426023779 
0.006148395316111 
0.006038039262772 
0.005321276269398 
0.003968937881856 
0.002013738593543 
-0.000444059639242
-0.003237650684246
-0.006142117454636
-0.008890294577414
-0.011195208643236
-0.012777396225865
-0.013394656649373
-0.012871256772288
-0.011123352678771
-0.008177485381462
-0.004179465828936
0.000608231482702 
0.005821359848003 
0.011020600962442 
0.015728278104176 
0.019472058560554 
0.021831635637600 
0.022483762917303 
0.021240859035081 
0.018078757814572 
0.013150038472393 
0.006780668529392 
-0.000550690451348
-0.008249587971732
-0.015656026097676
-0.022103635460143
-0.026982253797706
-0.029797782343571
-0.030223225882464
-0.028135496240624
-0.023633826165366
-0.017037383911390
-0.008861725526251
0.000224138957343 
0.009456283539653 
0.018044570981795 
0.025244963849405 
0.030428419242262 
0.033139601183960 
0.033139601183960 
0.030428419242262 
0.025244963849405 
0.018044570981795 
0.009456283539653 
0.000224138957343 
-0.008861725526251
-0.017037383911390
-0.023633826165366
-0.028135496240624
-0.030223225882464
-0.029797782343571
-0.026982253797706
-0.022103635460143
-0.015656026097676
-0.008249587971732
-0.000550690451348
0.006780668529392 
0.013150038472393 
0.018078757814572 
0.021240859035081 
0.022483762917303 
0.021831635637600 
0.019472058560554 
0.015728278104176 
0.011020600962442 
0.005821359848003 
0.000608231482702 
-0.004179465828936
-0.008177485381462
-0.011123352678771
-0.012871256772288
-0.013394656649373
-0.012777396225865
-0.011195208643236
-0.008890294577414
-0.006142117454636
-0.003237650684246
-0.000444059639242
0.002013738593543 
0.003968937881856 
0.005321276269398 
0.006038039262772 
0.006148395316111 
0.005732426023779 
0.004906603472238 
0.003807626837584 
0.002576467563514 
0.001344219285745 
0.000220954921947 
-0.000711680924326
-0.001403908679209
-0.001837498039736
-0.002022287881055
-0.001990385107085
-0.001789012865820
-0.001472980725553
-0.001097643610586
-0.000713029663874
-0.000359582460625
-0.000065713808671
0.000152869769494 
0.000292296714071 
0.000358482947000 
0.000364347677654 
0.000326744999815 
0.000263522395484 
0.000191035477555 
0.000122341667551 
0.000066179835181 
0.000026732472769 
0.000004073105869 
-0.000004867887939
-0.000005027075408
-0.000001841754824
Denominator:      
1.000000000000000 
