Numerator:        
0.000000000000000 
-0.000000119645883
-0.000006274830613
-0.000023232579688
-0.000044985941115
-0.000053657956625
-0.000027118605241
0.000046921630555 
0.000156945616540 
0.000262164711191 
0.000301699980562 
0.000218589909420 
-0.000008803196068
-0.000341372250224
-0.000674287603097
-0.000861422200172
-0.000767003515899
-0.000329236347182
0.000388975446774 
0.001188124209668 
0.001774889320409 
0.001856123369379 
0.001257964021785 
0.000027107540558 
-0.001531556867213
-0.002911270179691
-0.003552683656637
-0.003047480881725
-0.001327849515957
0.001235210614491 
0.003881357036178 
0.005668114652644 
0.005786540332493 
0.003885283574487 
0.000282034176512 
-0.004036589345631
-0.007662062374128
-0.009205982236476
-0.007804041098153
-0.003505675404256
0.002610238375784 
0.008674655035159 
0.012584131706272 
0.012713625121329 
0.008549217526956 
0.001003587299857 
-0.007736261401735
-0.014827996371875
-0.017690804678714
-0.014926627493298
-0.006920858659258
0.004120141375978 
0.014760356071590 
0.021403403545965 
0.021507440923424 
0.014534779699922 
0.002286067118717 
-0.011542111085697
-0.022478003633555
-0.026733060566418
-0.022518204993947
-0.010758533247365
0.005071472878777 
0.019982045843567 
0.029062109696994 
0.029117303360920 
0.019798851343624 
0.003821856980351 
-0.013832835808481
-0.027496968683526
-0.032665275832763
-0.027504091557784
-0.013505356031542
0.004948846537643 
0.021983134958431 
0.032133902200591 
0.032133902200591 
0.021983134958431 
0.004948846537643 
-0.013505356031542
-0.027504091557784
-0.032665275832763
-0.027496968683526
-0.013832835808481
0.003821856980351 
0.019798851343624 
0.029117303360920 
0.029062109696994 
0.019982045843567 
0.005071472878777 
-0.010758533247365
-0.022518204993947
-0.026733060566418
-0.022478003633555
-0.011542111085697
0.002286067118717 
0.014534779699922 
0.021507440923424 
0.021403403545965 
0.014760356071590 
0.004120141375978 
-0.006920858659258
-0.014926627493298
-0.017690804678714
-0.014827996371875
-0.007736261401735
0.001003587299857 
0.008549217526956 
0.012713625121329 
0.012584131706272 
0.008674655035159 
0.002610238375784 
-0.003505675404256
-0.007804041098153
-0.009205982236476
-0.007662062374128
-0.004036589345631
0.000282034176512 
0.003885283574487 
0.005786540332493 
0.005668114652644 
0.003881357036178 
0.001235210614491 
-0.001327849515957
-0.003047480881725
-0.003552683656637
-0.002911270179691
-0.001531556867213
0.000027107540558 
0.001257964021785 
0.001856123369379 
0.001774889320409 
0.001188124209668 
0.000388975446774 
-0.000329236347182
-0.000767003515899
-0.000861422200172
-0.000674287603097
-0.000341372250224
-0.000008803196068
0.000218589909420 
0.000301699980562 
0.000262164711191 
0.000156945616540 
0.000046921630555 
-0.000027118605241
-0.000053657956625
-0.000044985941115
-0.000023232579688
-0.000006274830613
-0.000000119645883
Denominator:      
1.000000000000000 
