Numerator:        
0.000000000000000 
-0.000002594841140
-0.000009126473319
-0.000004703891815
0.000026410344499 
0.000072426112793 
0.000085938353322 
0.000017069697235 
-0.000129361106708
-0.000263251892270
-0.000250013573817
-0.000015725075315
0.000354453071071 
0.000617361990571 
0.000511381639045 
-0.000032848354644
-0.000761789830387
-0.001183970788737
-0.000873795737251
0.000177487213542 
0.001424349056188 
0.002012391725042 
0.001327476410819 
-0.000484094078124
-0.002421847674618
-0.003141642420480
-0.001841961665971
0.001033614052526 
0.003830006831458 
0.004588161993616 
0.002361293604043 
-0.001915205327769
-0.005706283491349
-0.006334115616564
-0.002803586502866
0.003214599098532 
0.008074224764394 
0.008319068471282 
0.003066299632180 
-0.004998846368457
-0.010909352770575
-0.010437515536587
-0.003037403423928
0.007299753228011 
0.014129692570654 
0.012543868574544 
0.002611308338695 
-0.010099043129223
-0.017593611788775
-0.014465174473947
-0.001707207980063
0.013318448717407 
0.021106583582881 
0.016020324189515 
0.000286653177517 
-0.016817434894015
-0.024436986991763
-0.017043119025469
0.001633064993268 
0.020400137719482 
0.027339398714528 
0.017405590947757 
-0.003972693839205
-0.023831556507188
-0.029582336665792
-0.017037650067293
0.006593838959585 
0.026861348045926 
0.030976398484514 
0.015939552589431 
-0.009311164591318
-0.029252076269503
-0.031398422753260
-0.014184791972223
0.011912616492368 
0.030807776930097 
0.030807776930097 
0.011912616492368 
-0.014184791972223
-0.031398422753260
-0.029252076269503
-0.009311164591318
0.015939552589431 
0.030976398484514 
0.026861348045926 
0.006593838959585 
-0.017037650067293
-0.029582336665792
-0.023831556507188
-0.003972693839205
0.017405590947757 
0.027339398714528 
0.020400137719482 
0.001633064993268 
-0.017043119025469
-0.024436986991763
-0.016817434894015
0.000286653177517 
0.016020324189515 
0.021106583582881 
0.013318448717407 
-0.001707207980063
-0.014465174473947
-0.017593611788775
-0.010099043129223
0.002611308338695 
0.012543868574544 
0.014129692570654 
0.007299753228011 
-0.003037403423928
-0.010437515536587
-0.010909352770575
-0.004998846368457
0.003066299632180 
0.008319068471282 
0.008074224764394 
0.003214599098532 
-0.002803586502866
-0.006334115616564
-0.005706283491349
-0.001915205327769
0.002361293604043 
0.004588161993616 
0.003830006831458 
0.001033614052526 
-0.001841961665971
-0.003141642420480
-0.002421847674618
-0.000484094078124
0.001327476410819 
0.002012391725042 
0.001424349056188 
0.000177487213542 
-0.000873795737251
-0.001183970788737
-0.000761789830387
-0.000032848354644
0.000511381639045 
0.000617361990571 
0.000354453071071 
-0.000015725075315
-0.000250013573817
-0.000263251892270
-0.000129361106708
0.000017069697235 
0.000085938353322 
0.000072426112793 
0.000026410344499 
-0.000004703891815
-0.000009126473319
-0.000002594841140
Denominator:      
1.000000000000000 
