Numerator:        
0.000000000000000 
-0.000002652355966
-0.000003689263438
0.000017867429768 
0.000042818007041 
0.000005476936737 
-0.000094554799453
-0.000122292280163
0.000039467227379 
0.000256579018493 
0.000208423481740 
-0.000187565935826
-0.000510718303326
-0.000240726349420
0.000495375743852 
0.000831725183910 
0.000132387413946 
-0.001003824053074
-0.001151151603489
0.000220320826169 
0.001717530305239 
0.001351744184779 
-0.000918488146989
-0.002582825769990
-0.001272643692914
0.002031242609261 
0.003470754914719 
0.000729552942821 
-0.003560757342545
-0.004172758183602
0.000449129677776 
0.005409488038768 
0.004415908979679 
-0.002373981570967
-0.007360002796350
-0.003901097887376
0.005042958938748 
0.009077635186769 
0.002361861132806 
-0.008299368475524
-0.010142816083498
0.000365073565302 
0.011813334960192 
0.010113603165734 
-0.004272143322987
-0.015097981033230
-0.008610912928338
0.009133670086701 
0.017565046863748 
0.005411301508100 
-0.014495013257299
-0.018615582346331
-0.000527098555465
0.019708251120170 
0.017751763085004 
-0.005746892332412
-0.024014865629065
-0.014688370858434
0.012836239109820 
0.026664721437227 
0.009439337137305 
-0.019946004717445
-0.027050649444179
-0.002357327138151
0.026170701877662 
0.024831893101433 
-0.005887419584481
-0.030637500574521
-0.020019475193190
0.014390452597945 
0.032656093140260 
0.013002725392225 
-0.022146496074870
-0.031845194543385
-0.004507680847318
0.028208995034275 
0.028208995034275 
-0.004507680847318
-0.031845194543385
-0.022146496074870
0.013002725392225 
0.032656093140260 
0.014390452597945 
-0.020019475193190
-0.030637500574521
-0.005887419584481
0.024831893101433 
0.026170701877662 
-0.002357327138151
-0.027050649444179
-0.019946004717445
0.009439337137305 
0.026664721437227 
0.012836239109820 
-0.014688370858434
-0.024014865629065
-0.005746892332412
0.017751763085004 
0.019708251120170 
-0.000527098555465
-0.018615582346331
-0.014495013257299
0.005411301508100 
0.017565046863748 
0.009133670086701 
-0.008610912928338
-0.015097981033230
-0.004272143322987
0.010113603165734 
0.011813334960192 
0.000365073565302 
-0.010142816083498
-0.008299368475524
0.002361861132806 
0.009077635186769 
0.005042958938748 
-0.003901097887376
-0.007360002796350
-0.002373981570967
0.004415908979679 
0.005409488038768 
0.000449129677776 
-0.004172758183602
-0.003560757342545
0.000729552942821 
0.003470754914719 
0.002031242609261 
-0.001272643692914
-0.002582825769990
-0.000918488146989
0.001351744184779 
0.001717530305239 
0.000220320826169 
-0.001151151603489
-0.001003824053074
0.000132387413946 
0.000831725183910 
0.000495375743852 
-0.000240726349420
-0.000510718303326
-0.000187565935826
0.000208423481740 
0.000256579018493 
0.000039467227379 
-0.000122292280163
-0.000094554799453
0.000005476936737 
0.000042818007041 
0.000017867429768 
-0.000003689263438
-0.000002652355966
Denominator:      
1.000000000000000 
