Numerator:        
0.000000000000000 
0.000002394814687 
0.000004390433216 
-0.000023340445455
-0.000015218637292
0.000069950874081 
0.000028232414067 
-0.000147398492352
-0.000038027794457
0.000261005709191 
0.000037825501771 
-0.000416033593584
-0.000019259458124
0.000617361334319 
-0.000027786282773
-0.000869059050743
0.000115254072563 
0.001173868619562 
-0.000256866422525
-0.001532619315290
0.000467926260819 
0.001943616117611 
-0.000764942010166
-0.002402047468499
0.001165067831194 
0.002899465132079 
-0.001685363624880
-0.003423390885153
0.002341894853122 
0.003957102574611 
-0.003148707759102
-0.004479645462927
0.004116729915757 
0.004966103927966 
-0.005252657989709
-0.005388154013157
0.006557903083728 
0.005714899878762 
-0.008027668123371
-0.005913977988810
0.009650230875156 
0.005952893177277 
-0.011406500056782
-0.005800531969051
0.013269900730415 
0.005428782085186 
-0.015206629244147
-0.004814174235313
0.017176298249715 
0.003939454188936 
-0.019132969931534
-0.002794990530034
0.021026551925418 
0.001379926888150 
-0.022804507021892
0.000297003143682 
0.024413806214867 
-0.002217065111844
-0.025803036476203
0.004351563552063 
0.026924561135382 
-0.006662355555900
-0.027736622968670
0.009102834904669 
0.028205278744645 
-0.011619356751574
-0.028306059310647
0.014153046911732 
0.028025261175594 
-0.016641916522328
-0.027360793349507
0.019023183695226 
0.026322525937199 
-0.021235690087601
-0.024932113310927
0.023222293009525 
0.023222293009525 
-0.024932113310927
-0.021235690087601
0.026322525937199 
0.019023183695226 
-0.027360793349507
-0.016641916522328
0.028025261175594 
0.014153046911732 
-0.028306059310647
-0.011619356751574
0.028205278744645 
0.009102834904669 
-0.027736622968670
-0.006662355555900
0.026924561135382 
0.004351563552063 
-0.025803036476203
-0.002217065111844
0.024413806214867 
0.000297003143682 
-0.022804507021892
0.001379926888150 
0.021026551925418 
-0.002794990530034
-0.019132969931534
0.003939454188936 
0.017176298249715 
-0.004814174235313
-0.015206629244147
0.005428782085186 
0.013269900730415 
-0.005800531969051
-0.011406500056782
0.005952893177277 
0.009650230875156 
-0.005913977988810
-0.008027668123371
0.005714899878762 
0.006557903083728 
-0.005388154013157
-0.005252657989709
0.004966103927966 
0.004116729915757 
-0.004479645462927
-0.003148707759102
0.003957102574611 
0.002341894853122 
-0.003423390885153
-0.001685363624880
0.002899465132079 
0.001165067831194 
-0.002402047468499
-0.000764942010166
0.001943616117611 
0.000467926260819 
-0.001532619315290
-0.000256866422525
0.001173868619562 
0.000115254072563 
-0.000869059050743
-0.000027786282773
0.000617361334319 
-0.000019259458124
-0.000416033593584
0.000037825501771 
0.000261005709191 
-0.000038027794457
-0.000147398492352
0.000028232414067 
0.000069950874081 
-0.000015218637292
-0.000023340445455
0.000004390433216 
0.000002394814687 
Denominator:      
1.000000000000000 
